image: map_201606031530.pgm
resolution: 0.050000
origin: [-7.280000, -15.300000, 0.000000]
negate: 0
occupied_thresh: 0.65
free_thresh: 0.196

